chain,resi,p(bind)
A,269,0.8801199
A,267,0.67771405
A,357,0.5917945
A,266,0.5239098
A,264,0.46926346
A,353,0.37453556
A,268,0.36502078
A,270,0.35977
A,354,0.33894888
A,335,0.29785603
A,338,0.25909254
A,428,0.2563426
A,352,0.23944864
A,350,0.22904259
A,271,0.21622092
A,340,0.2154396
A,159,0.21238373
A,365,0.20877878
A,162,0.20032027
A,197,0.18739547
A,265,0.17987372
A,166,0.17922233
A,272,0.17920445
A,358,0.17672397
A,141,0.1760284
A,181,0.174754
A,333,0.17311376
A,163,0.16909705
A,405,0.16460791
A,337,0.15696874
A,361,0.15539758
A,283,0.15063553
A,356,0.14835271
A,339,0.14305048
A,401,0.13244288
A,381,0.12752612
A,425,0.12567374
A,400,0.121782094
A,403,0.11900818
A,263,0.11466643
A,348,0.11321619
A,198,0.11284803
A,259,0.11204571
A,273,0.10654312
A,194,0.104642
A,148,0.103285186
A,332,0.1031239
A,362,0.10030276
A,240,0.098130316
A,336,0.09700016
A,351,0.09628069
A,408,0.092500575
A,158,0.09163541
A,406,0.09118345
A,214,0.09095434
A,253,0.090816975
A,193,0.08789675
A,137,0.08748263
A,385,0.08545236
A,165,0.08526935
A,178,0.08411214
A,415,0.08377746
A,327,0.08356813
A,203,0.08337905
A,404,0.0827599
A,168,0.08274858
A,343,0.082014814
A,394,0.08134817
A,382,0.080542766
A,279,0.08046254
A,208,0.07992368
A,359,0.07975207
A,399,0.07811153
A,424,0.07788338
A,180,0.077420995
A,331,0.07706762
A,155,0.07435843
A,402,0.07392148
A,326,0.07198733
A,418,0.07164925
A,212,0.07100412
A,160,0.07006662
A,288,0.0693933
A,164,0.068948306
A,223,0.068772495
A,274,0.067945555
A,368,0.067542575
A,145,0.06665448
A,375,0.06494251
A,341,0.06333052
A,395,0.062858045
A,171,0.062404748
A,284,0.062374555
A,370,0.06221303
A,299,0.060442857
A,396,0.059821054
A,242,0.058734283
A,286,0.058640745
A,334,0.058327034
A,423,0.058317866
A,217,0.058293466
A,218,0.057876393
A,204,0.05769299
A,303,0.056017797
A,410,0.055028915
A,225,0.054934207
A,407,0.05485811
A,387,0.05471723
A,144,0.051479504
A,138,0.050661292
A,172,0.050246403
A,260,0.049945943
A,397,0.04908441
A,182,0.048642997
A,277,0.04789169
A,161,0.04785419
A,411,0.047740087
A,142,0.047735307
A,221,0.04766909
A,154,0.047528606
A,366,0.04750395
A,414,0.046453245
A,196,0.04616947
A,199,0.045614656
A,355,0.04476357
A,207,0.044042937
A,380,0.0437547
A,364,0.0417101
A,342,0.04094262
A,345,0.040829945
A,344,0.03956702
A,177,0.038867265
A,379,0.038619887
A,314,0.03768066
A,377,0.037538145
A,329,0.037318397
A,213,0.03602545
A,175,0.036011394
A,157,0.035882972
A,429,0.035877373
A,201,0.03574562
A,360,0.03562769
A,386,0.03562247
A,152,0.035500165
A,426,0.03515052
A,393,0.034684956
A,216,0.03351555
A,371,0.033109188
A,246,0.032797467
A,376,0.032626573
A,323,0.032542415
A,293,0.03196596
A,363,0.031947345
A,313,0.03163635
A,280,0.031596232
A,140,0.0309778
A,184,0.030929383
A,211,0.030389829
A,369,0.029654164
A,372,0.028909015
A,374,0.028207364
A,349,0.028113049
A,378,0.027742313
A,310,0.02738388
A,174,0.027337618
A,185,0.027247772
A,330,0.027187997
A,389,0.026866881
A,419,0.026755508
A,383,0.025075644
A,292,0.02457239
A,257,0.024494011
A,275,0.023960881
A,215,0.023703977
A,417,0.023656022
A,306,0.023578746
A,409,0.021931805
A,200,0.021246335
A,325,0.021023043
A,289,0.02057568
A,252,0.01957423
A,391,0.019477896
A,392,0.01934499
A,167,0.018866284
A,156,0.018815286
A,287,0.018601226
A,328,0.018411784
A,430,0.017993884
A,318,0.01780504
A,427,0.017701011
A,210,0.017655725
A,151,0.017557915
A,256,0.017424483
A,398,0.017157432
A,195,0.015915956
A,233,0.015520119
A,373,0.015408065
A,261,0.014486319
A,239,0.014419675
A,285,0.014376179
A,136,0.014189986
A,262,0.0141318515
A,320,0.014006958
A,219,0.013588258
A,220,0.013361231
A,238,0.013349758
A,276,0.013281328
A,346,0.012843038
A,258,0.012516911
A,222,0.012230873
A,209,0.012137069
A,295,0.012131245
A,241,0.011952609
A,224,0.011898904
A,255,0.011765573
A,319,0.011724212
A,232,0.011327849
A,384,0.011029777
A,249,0.011000516
A,307,0.010823905
A,176,0.010786379
A,247,0.010696497
A,179,0.010557879
A,237,0.010501947
A,231,0.010139524
A,388,0.010133023
A,291,0.009934064
A,298,0.0097135855
A,243,0.009662479
A,153,0.009293894
A,421,0.009274579
A,412,0.0092394315
A,170,0.009196213
A,316,0.008947776
A,433,0.008759889
A,244,0.008621846
A,228,0.008537297
A,173,0.008437648
A,254,0.008399039
A,390,0.008374911
A,367,0.008262548
A,281,0.008141842
A,302,0.008026564
A,347,0.0076513714
A,183,0.0075972
A,245,0.007427216
A,324,0.007400159
A,296,0.0073792012
A,416,0.006987763
A,278,0.006953795
A,186,0.0068983384
A,226,0.0068259584
A,235,0.0066422103
A,143,0.0065301047
A,282,0.0064933277
A,149,0.0064651463
A,294,0.006339099
A,146,0.006082219
A,322,0.0060297004
A,434,0.005853653
A,205,0.0057997103
A,192,0.0057906057
A,169,0.005525734
A,297,0.005462823
A,413,0.004848096
A,317,0.0046675657
A,147,0.0045405026
A,250,0.0045246244
A,311,0.0044768704
A,234,0.0044516455
A,309,0.0043777786
A,187,0.0038904648
A,290,0.003839672
A,189,0.0038005293
A,230,0.003791672
A,251,0.0037706404
A,315,0.0037278293
A,422,0.003659285
A,312,0.003562003
A,202,0.0035133706
A,206,0.003471411
A,191,0.003433968
A,301,0.0032064496
A,300,0.003110395
A,432,0.0029542516
A,227,0.0028779292
A,188,0.0028340183
A,305,0.0027698365
A,139,0.00274861
A,304,0.0025927138
A,420,0.002310228
A,190,0.0021819035
A,248,0.0020062174
A,308,0.0016842826
A,229,0.0016516494
A,321,0.0015140496
A,150,0.0011950749
A,435,0.0011655649
A,236,0.0010908803
A,431,0.000762715
