chain,resi,p(bind)
A,181,0.964278
A,109,0.95856607
A,105,0.9413073
A,260,0.91241056
A,106,0.91104704
A,74,0.89321905
A,112,0.86577845
A,256,0.8625409
A,207,0.84731615
A,289,0.83039534
A,182,0.8181021
A,252,0.81754744
A,286,0.8041205
A,203,0.7871896
A,285,0.7763493
A,183,0.7717823
A,259,0.7398821
A,204,0.71447986
A,78,0.69183534
A,108,0.6819911
A,179,0.68126255
A,208,0.6810536
A,200,0.66641825
A,113,0.6571562
A,160,0.65160704
A,110,0.6130992
A,150,0.5746385
A,255,0.5520967
A,71,0.4574521
A,282,0.4565619
A,297,0.35629615
A,177,0.3559344
A,61,0.3258506
A,69,0.31928706
A,253,0.31829786
A,201,0.31101906
A,290,0.28730884
A,62,0.28553554
A,283,0.28250447
A,104,0.2803599
A,257,0.27844113
A,180,0.26827857
A,157,0.25830844
A,173,0.23849347
A,101,0.22981183
A,102,0.22615963
A,214,0.21766372
A,197,0.2155656
A,288,0.20360778
A,287,0.20105295
A,241,0.19848602
A,293,0.19709104
A,184,0.19349538
A,185,0.1824015
A,50,0.17729184
A,152,0.167413
A,75,0.16534913
A,66,0.15959023
A,156,0.15927349
A,70,0.15163328
A,142,0.14912352
A,258,0.14837192
A,67,0.14561489
A,82,0.14284492
A,123,0.14240411
A,175,0.14191952
A,93,0.140756
A,178,0.14061627
A,261,0.13695171
A,248,0.13377918
A,111,0.13046718
A,77,0.12840985
A,212,0.12608477
A,98,0.1255107
A,281,0.123932905
A,60,0.12182466
A,206,0.12022442
A,196,0.11635901
A,186,0.11472426
A,72,0.11377397
A,64,0.111635104
A,114,0.11086164
A,107,0.10989325
A,122,0.10797664
A,205,0.10723337
A,73,0.10714255
A,51,0.105251685
A,124,0.10268392
A,219,0.101381935
A,79,0.10086775
A,187,0.09963459
A,46,0.09869276
A,47,0.098346844
A,301,0.0979518
A,210,0.095327705
A,211,0.09315159
A,262,0.092900045
A,251,0.09062897
A,237,0.09029604
A,154,0.08833528
A,58,0.08721984
A,76,0.086268924
A,95,0.08549217
A,91,0.08428072
A,65,0.08417713
A,245,0.081684284
A,43,0.081630506
A,164,0.0814446
A,100,0.080830984
A,149,0.07911161
A,116,0.07902611
A,94,0.0783962
A,284,0.07598227
A,118,0.075197674
A,153,0.07479289
A,264,0.074550346
A,279,0.07407711
A,303,0.073667504
A,174,0.07352161
A,209,0.07260761
A,137,0.06980674
A,176,0.069261834
A,296,0.069198124
A,68,0.066931866
A,56,0.06674746
A,239,0.06658967
A,244,0.06655775
A,161,0.065294884
A,121,0.06285688
A,145,0.062495008
A,103,0.060973093
A,139,0.060814895
A,115,0.0605885
A,146,0.060518026
A,199,0.060359716
A,92,0.06030741
A,202,0.06012215
A,278,0.05902844
A,57,0.056761347
A,117,0.05652307
A,63,0.056449305
A,129,0.055593748
A,292,0.055513836
A,97,0.05520583
A,221,0.053533804
A,298,0.053007178
A,238,0.05232824
A,159,0.050905213
A,254,0.050408203
A,119,0.050265897
A,188,0.05005184
A,250,0.047911394
A,295,0.04570136
A,240,0.04322464
A,300,0.04179389
A,170,0.041539244
A,81,0.04142662
A,158,0.040995177
A,36,0.040623076
A,39,0.04012453
A,125,0.03961523
A,126,0.039491136
A,263,0.038556833
A,304,0.038375016
A,215,0.03834698
A,133,0.03765833
A,299,0.037507836
A,249,0.03748295
A,143,0.037177693
A,148,0.036694597
A,246,0.036692988
A,168,0.036494058
A,247,0.035052586
A,49,0.03467883
A,96,0.034617554
A,169,0.032746118
A,218,0.0315418
A,193,0.030325353
A,55,0.028703853
A,136,0.02846907
A,84,0.028294776
A,242,0.02819058
A,99,0.027639778
A,217,0.02755192
A,18,0.026644208
A,35,0.02588013
A,85,0.025442557
A,302,0.025048876
A,167,0.02501507
A,280,0.024506109
A,163,0.02430776
A,59,0.023998395
A,305,0.023829289
A,147,0.023657428
A,243,0.022660807
A,190,0.022415517
A,80,0.022342846
A,172,0.02169039
A,28,0.021510014
A,127,0.021481529
A,132,0.021391196
A,223,0.02090786
A,38,0.020635637
A,294,0.020520758
A,53,0.019830532
A,16,0.019721765
A,198,0.019509453
A,42,0.019447306
A,236,0.019210706
A,291,0.019079365
A,165,0.018916665
A,222,0.018638823
A,310,0.018634764
A,135,0.017071782
A,155,0.016682545
A,48,0.016428554
A,317,0.016079169
A,315,0.015657159
A,40,0.01532721
A,138,0.015323418
A,314,0.015263021
A,224,0.0152112115
A,31,0.015164575
A,144,0.014907932
A,171,0.014683152
A,32,0.01466497
A,134,0.013805359
A,309,0.013669302
A,166,0.013299068
A,54,0.013205208
A,225,0.013008412
A,120,0.012878099
A,235,0.012826586
A,45,0.012359995
A,52,0.012055994
A,141,0.011882343
A,128,0.011777747
A,86,0.011573053
A,24,0.0113530625
A,29,0.011170781
A,216,0.01076729
A,192,0.010446101
A,17,0.010227448
A,194,0.010160844
A,229,0.0098883435
A,151,0.009855829
A,220,0.009522468
A,130,0.009468798
A,26,0.009405768
A,234,0.009294707
A,131,0.0088575175
A,230,0.008809027
A,44,0.008688511
A,30,0.008594854
A,162,0.008391048
A,83,0.007918255
A,313,0.007869872
A,319,0.0077435398
A,276,0.007676456
A,213,0.007236164
A,27,0.007045194
A,189,0.0070413356
A,228,0.006815609
A,226,0.0066775065
A,277,0.0064260657
A,191,0.0062483405
A,88,0.0062188692
A,195,0.0062024826
A,307,0.0061017596
A,90,0.005918277
A,231,0.005807915
A,21,0.0054414887
A,140,0.0051058
A,275,0.004860535
A,308,0.0048378417
A,87,0.004824076
A,25,0.0047978074
A,306,0.004746461
A,41,0.004540446
A,227,0.0042311517
A,311,0.0038921284
A,233,0.0038518142
A,312,0.003832196
A,33,0.0037586922
A,89,0.0032461535
A,19,0.0028981173
A,232,0.0023349172
A,20,0.0022772471
A,318,0.0022483564
A,37,0.0021565466
A,34,0.0020276515
A,316,0.0018558344
A,23,0.0011034034
A,22,0.0008088802
